412805.76118329295
315860.29204991873
520201.555132192
533217.1351780023
298569.2441078307
447874.065579199
397839.5777067612
333197.2268246194
350949.0338647729
363525.13325168716
430585.37865148846
407106.6654336956
527335.3748761322
352730.7237551334
276188.6902258868
459625.85412965453
374903.04258875054
313529.1350233506
470278.08325398667
490248.9933310119
407807.51902412693
321133.1589308945
331260.53588498133
392989.417039113
311317.1170900878
281045.9821821094
345932.6719836051
476932.39498540544
421119.44952001364
459274.00240897643
381919.93538825016
284746.3010952484
427439.52221148467
381199.37560192187
344704.7783526635
412528.26049807365
361107.4541073568
533178.3225395209
408340.7519984861
463322.1467583846
288285.1224164986
341379.9177057945
307152.03508451657
341036.89905095036
471856.63252632995
387438.7977003855
333550.891550241
470727.03658007324
433378.117444349
330155.85050270194
415437.38873111387
366436.9840797102
294617.47242124786
489395.08563979843
459499.6401297398
489793.3190424572
363110.78057658754
391077.3540978254
542845.1745622668
525922.3078586158
360605.5376140983
290905.0848855402
306427.2618373237
413117.96961752046
492921.71827045805
484378.6150238073
338542.32272556395
478199.6367996328
377922.15073186037
303322.6105798222
361993.4538317508
290806.2862518929
478535.33247240214
325427.85129013075
275999.3599534226
439373.9865350797
377458.65804319206
487737.9975841212
307204.13566111843
347595.06711723766
476800.3555247908
396836.20114562236
366341.4977750258
341288.9009642272
365537.60810286883
393406.15969929437
453115.5197110711
497413.76341074525
383994.33613323455
385626.6499231881
441829.63009142806
453143.1010394506
405505.32512642327
425755.15845959104
321508.560530211
374146.949798819
465183.8520093095
300065.04871238733
490316.7957954943
477416.18251302204
395562.0885472171
390174.6395160302
348597.7934859237
278210.5631746327
310073.8237644224
353192.6003752168
361804.346653929
545617.897489553
532187.0333775894
545573.7832912485
276079.86693388806
377688.85263810185
479149.143260403
501749.4352320161
432355.28626828827
298394.3208007881
370664.1173077215
279017.59739131154
386698.6337549578
381977.6035030351
303885.53805731295
446775.53268508473
443452.83221700904
480094.26979414996
380896.0985932295
305729.5133095652
320049.9518474825
388424.53668354556
393817.35424943536
315610.94292412966
404559.9368231261
452120.56756821903
298133.84820862574
534613.1081957786
488516.70192177186
290853.1635343202
314089.03351121064
430928.3354803732
457038.2681809601
456320.0920977526
414542.0333940913
515835.56285391026
318854.68888924696
511301.5081409769
470993.19943235
397595.28540613333
543637.1188757928
462734.6539932246
514629.42417389934
376927.9712888884
496725.7738756376
362817.26401854266
341662.8553479014
541924.432659853
535664.3556272229
534858.7798171098
536172.8892690752
281078.59529215086
374052.3906136712
543681.2354922487
298717.7885447664
350896.9811914421
477999.6182070268
311022.66624662996
456020.5452264636
403148.52122400986
361197.39070193854
493139.6037281573
278793.85835645034
373851.7210498066
281374.34146076825
316792.4906788796
312399.998511116
373738.2352585853
350744.2478267231
304604.08059197303
345093.99140414415
347997.0364244487
285485.33690131095
416329.9811371111
397059.4736053949
396155.5676813649
357350.11982025224
395370.17749809235
338658.60873594147
309341.77924497746
306923.5829111914
384703.5460463755
451063.8979265566
307049.43538365484
385431.65292299486
365405.6601326743
369342.08024830156
312531.9621337061
406764.59202011017
551502.7588915973
437157.92264199024
279375.40905601485
342782.33002430416
289795.214278132
326032.1720573294
321798.95692343503
277127.43510988855
475852.439073257
277159.11163780204
359501.2524762252
321703.71982087503
426915.05992452754
476661.1104254636
542347.950221033
385362.6181262429
386313.5063777393
452708.2842775344
392823.58336372604
442201.60315356497
386960.5696785085
365387.6785333096
330852.89379247546
463342.3627309516
284926.06190234976
307872.1643205417
498427.3387109418
387278.43573666865
494491.0565125634
381407.36212728627
395796.418946404
461534.80338402785
541715.9138218685
402945.35648869345
478371.6909826128
412738.20655488793
369992.09682938154
355011.0972901641
281806.24671493535
325524.0801191388
401175.6346378694
498276.98205236444
505967.2114631091
456593.0506442224
373557.86837645934
459138.5130880816
512716.5994413226
542677.6266764033
434183.6297964103
295552.0644783511
348374.18972044246
430214.5625676152
411376.7942811216
419373.6610129285
281947.39412061305
282461.74054911995
381173.6491666155
430509.95282620646
391727.83391703863
316488.9805227203
474985.84557669086
350414.94000537577
314536.1841320647
442708.30316843913
501885.99092756625
354500.75086658256
538380.8947405022
358842.28860848
399459.95702485216
398679.2203659095
357416.1271651159
488888.96021488385
522370.93676180206
333190.0676675008
418981.13052605453
316508.1721455058
362365.11496050144
294497.77010524314
355351.20537021715
374857.10418580536
395173.30794841703
326972.24191565585
328899.8114876015
288586.0199460719
403656.07859616645
286153.7252073959
459757.62888217217
293355.8937909238
299643.8488965749
279777.675871609
517038.4005711268
414205.07360311254
340443.58261853084
278575.14522084093
505263.44985968136
458949.95998856216
452363.67848663084
529323.9082431354
490320.069723966
499577.2471148812
404802.05528722634
421208.75744327065
284460.5632376039
299480.29676707415
453103.75417173846
400669.40269604244
458501.1220693821
403465.4151952535
491130.54860872385
474599.8816000802
348441.7367843865
298573.0874429833
343335.7128616221
542934.6697346716
531896.7188514343
505414.08392741624
496376.9480273111
289872.4026018755
436350.775287996
296247.25367839314
537840.1518168139
492674.51935043314
312136.0505090583
300020.9893168157
297636.8515806072
315100.538717637
338126.51005860686
354341.23641703406
298629.0018639348
413346.804216762
395873.9538449717
374249.5661343522
315352.6911947336
374710.29728137306
390152.3624628773
416299.47845403117
537573.8633128218
316496.16061102843
441559.56922329357
426588.10741168546
295416.9047731428
287961.13266367133
340111.7293912415
394106.83883393457
459339.76841427624
339348.07717221027
400653.00154864567
349342.5126812548
308013.4290492376
293930.71331051463
411235.6480818451
339324.42037690245
442217.1864179564
336150.0300301848
281497.74423601094
321980.9976288224
428139.23786510027
432569.34968825005
429054.7244553458
316202.1511582059
380214.3057888708
407301.0628252797
501357.8747069192
456577.5350428
285273.4562201251
318685.55507976917
317200.86606481357
364619.73194419575
492687.0331289653
460612.4218039468
324281.6778441901
434529.1011983942
519551.0960058747
470044.1785149917
375884.77670642064
384694.6904469797
454483.6787043181
326201.0387145305
352975.30007595866
314906.7740859227
302652.003857959
305913.15474009863
447826.6047365772
360232.51130000915
429899.0851967593
408660.55621271953
397478.7945119314
490353.2123982022
312263.9831072927
394184.87564741547
418895.8344957436
304918.2591452712
499906.5362482524
329229.2919210662
490522.53577574104
388367.1469374206
512848.1582925712
338406.6602612733
512036.7615943896
501468.9420484927
289212.7408761525
407345.5285922874
325619.910356846
359070.6919087895
365837.53165627987
361005.9235498629
507811.6707794098
323651.99562380445
369350.4807986182
489433.1754716255
525411.965692616
336606.57048009674
376163.1926639883
388708.6744154685
331083.5068211578
305660.26299916324
434546.65075512225
346828.35219284456
278987.02697404544
386625.89719886135
469711.006973999
297436.14796251676
280651.8180357425
325315.1047177529
298106.88583624456
302815.79309992405
477409.58849978563
489445.8415840153
547072.799695743
488832.769179135
388771.7647758922
315372.24002616416
372016.0029593006
515829.6100489196
373125.45297115244
275622.28379691334
378823.9431283821
334768.6537483736
473591.2294032125
345926.429155335
394411.91212189343
388179.980693513
401144.2456310284
406870.3338167146
352662.9452815307
422424.4296029384
325440.5612294464
337341.9844343316
357166.9575696414
525927.4702063879
490276.38869656203
311906.29807862145
439432.51175411924
475584.56972201006
306899.9791662859
298094.2150875517
357734.05183691956
281356.571187496
441573.51289485785
328672.07731396565
451730.5135295003
288726.1622748917
406481.3293777156
486075.9295737725
373488.84200264345
333706.81887160375
432142.2004103508
294966.36186031427
295573.6165192111
487110.1143539128
321298.7987589984
403781.5185978455
492065.43903816503
328967.2357825748
499537.56234583067
461757.5640856895
369430.1292977303
397425.11737486615
455779.3552146705
432114.0650305454
402339.5028345977
466428.68494031095
328614.5450981407
545132.9387868805
298179.00167557225
324485.6055930637
329450.98122203624
404419.26521706436
406457.86801740463
355375.56169825344
290430.6358344281
327351.1338575478
293600.8981356101
518792.6542033121
477372.92965333146
334129.4331870346
369122.2519456244
428763.1951350037
491804.9803172412
302564.5641962243
355360.24894630787
459073.81109955977
547702.1481887315
490584.21392232325
513468.74732692237
386102.80960567767
386844.2898376407
384411.53587241116
385839.14615942107
386344.4224132115
386426.55339226796
387338.5041234212
385203.1588278789
387218.36544268666
386158.16440146894
385015.92898627545
383631.1668375201
386187.51355900976
384153.33363896864
385287.5374142303
386474.3448849861
387605.4616736793
385985.77142781497
386525.9094751801
385692.0096324645
385482.1985811658
384419.84386905294
385698.0889236345
386442.4806528259
385385.76935270586
385348.405412249
387095.6575299065
384010.4906000372
387126.336263628
384245.54011522245
385192.2471677009
384825.81420535856
384505.5880128562
385909.58537368214
386089.2564265524
384871.03381840856
385884.14086371666
384153.02789408027
386501.93402516795
385845.07577048696
384649.2323871447
384922.0093862421
386460.63623848825
385034.35279916367
385158.8217531947
382481.69349841593
383422.12512113585
386128.3514774993
386163.14075237093
385400.2018025519
385119.58696889144
385187.92819342075
382823.46543877607
386362.11715309595
383427.4687023845
385666.43073866644
382581.33385433326
383443.6469360831
385115.7358622348
383802.75193121645
386100.9618328901
383586.6951156884
383866.35232161894
383954.5073861056
384014.3376661965
383427.52059214254
383395.64737527113
383397.91146366805
385511.8052410132
384425.37874878023
385009.26959345717
383402.28396044177
385119.55415744946
385070.87458832597
387862.4853682156
384701.12950514856
383525.5368980406
385842.69528094924
388292.8438768078
384508.85755072377
384834.35799764004
386553.8159102091
384188.2881678069
384580.8298153758
384987.059460818
385642.6760855185
384543.1034079505
388296.0163654898
385272.19684856257
383690.3314802604
384150.6746501821
386517.53976940404
385025.11612015095
384407.6964744471
382141.46657718957
384612.6700722749
385501.8420529175
385987.69968758005
386711.1538546046
383137.47006034205
388009.64699480677
383576.77107231837
386542.45199300896
384913.498885751
386782.226947649
385071.62976653257
384501.9283306418
384027.48503139714
385879.8356769279
384447.7354855798
386780.76463259966
385072.8325466067
388387.2063310761
384572.2179176811
382461.07793408755
383337.26457567705
387522.2418779525
387060.9081405468
385317.627981682
382817.74245207786
383821.01043257257
386129.5105331809
384262.04456916463
384648.90034582326
385915.9387395838
384561.870969219
386212.18626884744
385234.6251252885
385271.21983420494
385851.63741036376
384553.60991252464
382951.04215719085
384960.82058742316
385014.77882438176
385946.0493602526
384724.69159449794
384160.3745443027
387206.98991222866
385259.02756474004
385354.6682652315
387080.29680938745
385373.9424408367
385291.9678164419
386366.04240955506
384368.4797382818
387526.82454824215
387085.59215490863
386285.6330390188
386232.8173074898
384423.3153839565
384491.9540417381
386764.63817889564
383994.2683518481
384471.2563156708
386156.4856655848
386268.7817479041
386347.7407505062
385869.66007526213
385035.3205823999
387105.93826532987
382791.8605843367
386736.4845078983
384939.8561818755
385558.22223561635
384621.98898680287
384526.3818296485
385824.10857489845
385667.6664181658
384762.1618689915
384697.8370224946
385342.0851913519
384449.35169016273
386604.197462534
383555.4095878032
386120.5101774274
386361.9777135564
383761.28984686837
383070.3425279604
382072.7674973537
386822.8211616114
385047.1277626505
382903.71715909714
385643.6920455716
383878.48100570234
385034.4542469624
384844.5078947337
385269.13450873515
384790.8851454737
384198.1742924535
384141.7046311534
385645.5253661389
384707.8395052346
382475.8737372199
385630.4055378901
386444.575417415
385471.5762301592
385859.0078356716
384630.88574907597
385523.16632544535
384249.9185176441
385452.3757459827
385640.5113761998
383223.1680687971
386522.2673073249
385030.28209442034
384958.0974765464
384277.4387587195
385818.0880366754
386594.28585206944
384406.9348391399
383242.72122508666
384910.25625434733
385605.39302185073
384983.08891800075
386592.5189609854
383643.48504242126
384094.75646243436
384911.5921257319
385293.65487814986
383792.50279733975
383998.1568642442
385936.5942103442
388408.475850819
385632.9217996608
385363.4067918518
384171.0117016092
386873.14627654874
382928.11847682414
388039.4461084679
383786.1804844067
385553.6519958037
383075.2816412589
383771.5297159806
384723.8050800561
384854.76937751804
385466.33470186364
385949.85600443085
385642.41247757623
385830.2046141093
383501.9572832582
384733.5852782909
384942.51627936744
384902.70691632683
385369.23496005544
383861.7081074451
384857.5879147463
386664.3719528179
384599.5394221214
384148.71030441497
384641.6455881983
385348.9468067363
386208.8933159896
385073.67966530746
385107.2394784542
383758.0465832742
384225.05062099645
386646.4248963932
386604.87323952554
384801.18062556564
384171.1408439465
386856.2173806369
385540.536363786
383839.1923588679
384117.6679092731
385645.8908587987
385352.2781356442
386261.7770605674
384432.86523274204
387267.1697188081
382960.2481548479
387501.84006240155
384212.51241596765
385386.3297538148
385686.0732940536
384299.93564043706
385614.063264837
385336.05946979724
387604.00098548667
385637.6548721282
384086.9823089735
387553.8527667766
385547.8513375968
384947.4411523948
387210.3447784611
384817.9831516668
384032.0673718448
388046.75045422115
385950.612246263
386194.4628839949
385570.4824908461
386797.5426316419
384871.434962474
385028.2883338514
385100.3279950238
384637.33898145217
384017.2495520502
385436.44288690377
386192.8173058093
385677.8013066909
387283.9028075568
385917.7797326964
386796.77679267316
385925.94948537886
386425.69975717866
384405.5293814713
384935.0375947105
385862.8691431516
384146.4016851532
383238.34421631147
386933.6385016332
387025.3705521167
384855.22206657735
384033.2913921905
385705.3397182384
384818.15789364796
385195.5106790011
386792.9033949099
385002.8634098512
386969.2426916641
386329.9338956423
386324.68792393093
385783.9687091157
384223.7532864555
386884.6262413034
385306.19851536816
384296.97833836987
384378.92596319667
388458.6944088277
385773.7226488149
385269.4780532639
384068.9553208508
383337.00099649065
384414.4861867464
384259.29453358846
384039.7386715684
384915.95047189377
385743.92453213804
384139.1841093137
386556.62011755747
386090.128275847
386013.25396342896
385005.33377480076
384335.2456763231
386267.2222175823
387108.5511401146
384709.5070091267
384861.06763564126
385094.9219109065
386752.83267881034
385596.5199182013
385278.7918745569
384536.5916961583
382437.99003498117
388629.1861476389
385428.52909736993
386160.66369237006
384279.8698071128
386117.88687456615
385257.3680897031
385199.6152779389
385017.79450372234
383793.5672476461
386238.13883555157
385819.92104737513
383164.9265125307
385823.6490688955
385733.155942097
386263.2473222254
386769.13780082745
384912.0637318599
384538.95171667467
383134.8265640367
385085.30255869485
383327.09101689706
385492.98972896097
382788.3200774145
382738.73902760836
384109.91223177454
384999.2317964992
385632.59082259884
384294.1083884396
385063.8724790093
386173.9627423774
385220.7863345302
383931.2573349146
384813.0122134655
383429.1586512692
388117.15851388883
386672.7369281299
386492.35806891834
384312.3783138676
385138.30148860055
385470.1672220211
385365.3867262929
384868.31181493576
384984.63048891607
385056.67590136436
387306.65562290826
385009.6387153915
387007.369026154
384949.25048612483
384531.7174123763
383769.31987208565
383564.38923756726
386072.23020440986
384129.38782965735
383608.46595222433
384709.87401757756
387270.9115079338
386085.07002552116
384028.12340010743
385526.1266263303
385187.6494809968
385042.37793402595
385009.322724033
385380.4384542184
382613.3938104416
385494.5672672625
385491.1693699346
385543.69130659424
385756.4980205342
385589.05697086937
383300.46342198056
386997.1778357583
382866.60308639146
382788.8707849528
386519.9949044942
385978.3578278936
384230.50084149867
383494.79172296013
388266.0599869821
384236.8713923457
386330.82452063455
384585.2434467879
385370.9438522502
386538.2863756497
383393.4482860365
385906.1881275243
385990.96276530286
387050.5053699536
384420.3194761469
385091.52418862947
382521.65956913773
386192.13402924594
385341.15847938956
386154.0381741985
386873.5442110807
384136.1026825202
385027.74840538716
383878.00338279834
384296.69074261596
382442.8298652647
384652.4987454151
383688.9170369634
383853.7322942775
385440.74301859556
386362.2135340418
384639.7132351284
385332.126093153
383300.0675335788
384625.06245423114
385529.206705096
384839.8313882475
386808.37440214923
385251.37194230413
386331.1345951147
384554.35301723634
383941.84880145366
384435.858833936
385196.4183674193
386738.3475131685
383726.9336598348
385997.65430322173
382087.80000095133
386963.16444540693
385828.9137064008
386014.77731084655
384352.7058591193
384900.40757260594
386185.48018859053
382757.52507786267
385439.37258041796
387466.5441744219
386691.1696292466
384032.0706801501
387083.30132786225
383513.20904940285
384406.38110486534
385426.5073428686
385223.3701755875
384164.54559508705
384389.82925209857
383221.4798138426
385069.1064110856
386065.03981286316
384492.9462613508
385446.5214695532
385458.171432735
386463.957017343
387133.57538766915
396467.62203226425
464004.2301923307
432554.18091533857
368016.4613633636
387837.26420256245
430321.74698413856
354508.4061047553
381179.01140408823
334831.207533703
314615.13272882317
464207.0914383675
328750.2638721576
488459.8130276661
366527.7816981122
342200.83650546457
361121.40892023826
460993.1128064467
316883.6568824181
337289.0680888202
467183.5949147921
343423.2413573687
460344.1225445986
322826.80233545235
398606.3589849335
338757.0956692088
410984.8007075975
461848.9357455503
328061.6417551313
445636.37210710824
344328.93918506603
314264.4288039459
393333.68956190685
389760.5619073786
317534.6765365053
382830.57819089136
367050.89336426585
453022.52435184235
410754.02832451597
398575.6638278644
397367.0852438768
482564.3347175125
330805.9732828227
324383.4599070394
359163.90417821665
477092.6985772683
403159.5759664051
439961.19416243676
384607.46130641625
452811.1628842011
343495.5368398447
392092.5462864658
474601.7453280068
452151.21823613404
313235.2855714669
459146.9860748674
484485.0872930994
416832.5239685939
472808.7697839698
362832.34573338844
412384.0532882566
323627.73840842897
348928.8622317027
323394.6215083607
335956.47111551097
411581.25839733315
377052.15439667465
376246.1201862907
333419.10910854064
371324.72660518636
363077.01977797784
470705.66795292724
350138.10748797026
469372.3325018599
316140.7336588378
328042.7954405482
384900.63050236827
451112.31481034803
407606.9054972647
413897.23977156664
320913.1243154156
483523.28362503735
442233.92076208827
479846.9223820915
389615.13079810026
320781.1214461978
350267.672875322
456890.4034586285
479218.7762463867
349145.26208290923
338637.20335421636
434960.5731820707
406583.42835911835
390158.92870546
424753.935995857
388347.5340918074
363737.3788582027
460507.6878471391
345301.62192061835
471228.68179728085
354133.52402688534
481186.0317007823
372645.8768657333
375778.37221506715
344668.4439080171
460712.7811089005
458920.2678846601
372153.42679048004
389513.7601943669
338809.3109914175
331421.00575370464
447938.4164410533
430250.4473931649
312194.20810046716
442098.1269964818
327204.41012659
467970.77680525696
358937.05751901964
441810.6463710024
475805.83329786436
325948.8607234877
456970.01403960225
431624.68661659816
421170.62194213294
319145.11410748423
395933.055876346
404031.19243245834
329246.02919325174
448007.0247744772
342603.0830530015
341106.45847478503
323135.3781145296
352092.2624094216
322649.12821276527
368081.15387023025
451196.94586594944
320372.7913345206
371512.63585937314
440718.7364772156
344836.4322866952
335244.647043027
405362.3103862493
325341.85076511785
311260.38932413125
348539.2159804029
442423.603612052
446742.86370774277
361163.80233008997
431353.2423854703
406901.21580047987
389219.3814338659
400399.8152808893
391115.6579312092
415925.90208721295
460472.07749030273
400642.50755332847
393664.3047874775
328573.11524900456
347387.8993520226
473737.1242872111
344265.29498386587
319289.36251686903
376490.8613648007
405091.3523311267
435018.45759069786
335984.8256089256
314202.499094281
376479.4688920166
354997.83944473113
329777.0314085734
385515.63132427627
412523.93830687477
383268.0417687428
382947.73349380924
335163.435383982
401931.18999604555
411153.1926728008
439800.0543286964
370876.8006835453
347939.30288027425
386955.23303810676
352313.71001107147
324540.7505995987
376356.6161880521
378650.65962131554
445032.226695268
345920.4379882088
336921.6096000347
470315.5965897504
423534.73450024467
392181.06142189505
329545.1847984264
409296.76736680383
414462.57682924054
385204.4622412239
337126.9786756039
314165.746714686
392856.2947150389
406941.32874972693
334125.1058196181
350763.95903057256
466595.3392897433
469816.93524105364
388798.08648996084
473182.2697072662
381212.2905894136
481241.88810774556
405045.4599869168
341516.3690678069
329309.68270609184
427599.28093079943
390608.58215547027
352522.06804181176
349244.4538512054
487671.10517693264
422742.2912811605
474733.1236678506
460900.6972020486
365343.59704698593
395192.3781438478
403822.89319419477
464216.55581021786
471990.47142185917
440455.30012838106
444850.468557223
436088.8730367658
316505.8374763822
406053.82557390386
432522.5779485058
454862.93965954176
352161.4440956446
346296.6588498898
433940.3660943497
392563.71697488514
345644.1413928614
418589.6048749634
477863.30417243904
319762.11457972653
330135.1183514855
454763.40114688734
324234.5395304881
462670.7565030901
373729.17395594093
395873.64421838085
462477.82282219164
466124.4122383107
459449.41850840475
487306.6446120642
455254.68835651915
311373.41913521814
480316.83471677965
344224.0965094903
370366.8816851454
374613.8053925681
411121.7032440304
386727.4654448201
373396.97139154404
334048.3087083509
345555.4191739107
418378.42778060853
411394.7204333231
383515.35342278506
351190.84539426165
311245.42703346803
461064.43789671245
437058.5462354148
388933.68958837393
460103.1835988143
317609.4820027906
331710.59686968505
425198.84260249196
346032.83801494556
474576.2822556834
350776.1097814542
359049.254687344
343764.1723208984
375536.7420596132
376078.98643216275
371645.00701739
396293.6519923797
430378.1883132729
413415.64497816097
393331.94903892995
341954.26787130936
324536.3378461814
338511.2019146223
423205.62265671056
427193.0591881829
438518.7604496103
390861.05194694945
398249.26202889666
458259.474521766
470602.542495067
464048.0050901327
395402.74560970813
472193.1295777211
410181.1305325454
363877.6704204244
398521.0034759542
395678.18812722166
486293.3718144843
367402.4501854361
372730.01572302904
462203.87584880396
367398.9985512564
323662.08458326897
332171.6108394327
339542.786598108
427708.04399445286
320789.84862477396
374671.4487576857
405848.240785193
371237.6175248613
328792.1758841998
398873.77875687246
425128.4883273852
426968.95541842683
425594.9906991494
342440.3266256938
318407.82199419296
422692.6735472768
461829.43065274745
351541.50577333535
346457.4651143802
403124.54197899374
323804.0302229161
379983.4683178558
405879.93172927387
373624.87717361347
390599.7137991395
357181.2142500158
447249.49079121056
347888.4042396331
455275.67933493335
333305.8796559919
460012.21781198896
409601.3176944602
429345.9711216213
318755.5905268945
375167.1940315646
324386.8811680193
330874.5382458712
454814.5153373401
404461.6690418955
403059.82333815575
313613.68130347104
313167.6240500075
417752.9728997482
357709.8115247458
474584.4553532021
460202.63097619975
464595.21520618186
484143.10613814706
349642.64914145117
385143.3976852306
326205.7590309562
405636.28748715215
444416.83781208127
318602.45015181164
318474.7370236469
464259.3476696303
332227.71436583175
320000.43098969583
325094.8750405573
372947.34588745394
374563.28188412753
364183.1048296905
436692.9912887771
414267.4822882166
376201.93743032333
359598.1110107305
318585.05988790054
354394.7729373331
382699.44254983164
456697.4946661884
373438.07348504424
318447.9941538556
316807.53538748657
360956.9514638309
344121.219205179
379102.14837873663
409001.3042204138
467323.3310661945
410573.75583273213
467209.1307070208
374987.8177764811
370765.40107614663
355087.18835247564
315582.82463429845
337396.3397171494
357888.62555264443
463199.92656764993
414609.0668834299
346488.3000683975
323899.2867643816
441195.0837103257
478600.2010234584
428780.76749178837
311880.11140588485
315383.98764386657
394850.9376565303
312179.0485491529
461436.51326239185
399412.1986626798
371891.4412112856
435879.71727952093
318844.81703287887
433239.5600734289
465700.56060442026
425951.97756979574
427077.06179307296
433486.2352821468
347035.1783073899
480393.0113273387
320325.61697610986
424260.2349522294
348277.6995791635
352842.6278515879
455564.7583187602
428098.4931391125
368862.5820263417
436539.5163651197
368583.58353135147
387610.4093679497
472862.66318525275
388090.93538224767
346002.8654353346
342386.7339465545
382986.1357011639
454080.5108270123
465002.44963945413
472407.69170366565
343077.9506980312
347970.17195603735
482423.3406274701
399466.504012511
353264.66279522603
361185.58780249645
449443.19929183007
482801.8991231504
324502.4059362705
355776.9596123496
314641.1617330439
333392.1951977368
470724.5321571519
450759.1360699878
391439.8546486054
466973.7323795467
445395.97038490395
410316.3314813463
462546.4135321101
345384.07373324904
363080.76820364845
464308.7360084557
383554.0480553993
463827.8843467188
367631.1883075102
398913.4048286796
455964.64240205503
324572.1761748788
417138.7659457785
410617.51318365237
434695.4136372328
476130.9734501309
343240.4750063144
368434.92562731495
349905.17746114335
450742.7933858867
342143.41460904747
414294.74652110477
323353.15093576384
317071.63937276264
318191.4170856735
427636.534132025
372464.0330420138
313940.5479391328
420120.15934691404
349166.4097164673
439735.6542585843
460026.56446511834
405115.5059566009
382159.0242763558
355296.6073526171
459374.93531821773
382664.48762927135
370370.43363167136
409721.9046446867
396290.18150278076
362352.911673432
314360.7234889579
344873.8993861335
355277.95929964323
351918.68170695956
359942.52022961597
428389.42502956255
340926.06594146683
350721.8733733697
336885.3625792487
423465.4413105454
331972.66153949767
336701.1804676242
373374.57442135207
396703.85629667586
329938.933529236
427506.6773949799
342715.1213254939
407932.98173749016
482399.3322680897
422418.8391060212
352055.9746408148
388626.1880407971
416691.73037220177
345655.94953152793
482273.237696986
473818.2101519713
351771.01225139905
381525.36893254815
322373.0800754282
427780.75791637436
386798.7058879176
413061.0529418093
345279.6516343635
481002.97220853943
312331.48953091836
436786.57228305895
386595.26813412365
360502.84601046
457134.2469769021
474869.9241939679
423711.12308454595
327655.45139685826
340195.83035712835
398283.70924195956
389460.176896772
377489.34530088224
311573.5645741559
401593.7182596498
437814.83430624136
397786.2526091296
454281.1548276297
480060.496244191
379930.9212021918
464286.79069431
407986.8951017485
434162.9729885129
434896.0113290225
387839.9856415979
366256.01338215097
391945.36602976796
338402.15342669765
336244.6892752779
371790.28093140345
358592.63648574677
361420.9854191018
471385.77723948774
445785.7644974952
388917.28797153104
389018.09670530906
421357.94222124654
439697.55050291255
405261.5567668947
319616.3916846479
376998.5652930042
320429.6344327152
418437.0242233362
323550.45838746894
483165.814812093
479093.57453908166
407017.00164488977
452208.1716534299
359525.8569474614
373262.5826838796
331810.8355219519
344098.04182005324
318270.669116959
363000.2368195285
420575.4121063715
413801.2711968528
439947.9380799963
461831.7256334003
361875.77551055676
473045.72385582695
325561.86816415604
373368.9959020661
480218.5500174221
472179.80270502734
358211.1227380589
457161.5290236081
377736.6558976506
369839.01653388375
404501.7195774038
354342.89594581164
345561.21822908433
374505.49385415076
344360.7966480427
427375.3114164217
407468.9674694062
383825.6977054741
467440.1150253189
366562.91886599193
421199.38046884746
450988.3439727541
339958.3754208776
455119.42379192665
319451.2357269007
457191.68500550836
318472.71263321437
352214.4943576764
367435.09920156363
372049.6056622698
479068.1800225805
405115.3730851214
445105.2060778846
368022.69682559633
428714.62155414105
420234.3747227939
316362.7011546885
393273.76483953424
351893.3212493609
336691.54275646823
429869.3925900845
378004.0301491251
373733.9538917294
377405.7136096569
357272.3350013377
481208.8020955219
317394.6441610422
395706.30814119446
456530.5724478171
354639.93041592324
375402.9491344437
367037.87860603014
382299.0007095926
402041.98626603355
413953.99970928923
344816.314614147
441543.62040451664
414881.2025076812
480124.6352071752
359811.90220273705
320733.63242879114
455707.0855112893
374488.21386046556
336599.651177543
373360.43405993143
430395.1471398351
321169.6314223822
464076.5426218313
397254.5756755571
354650.1023108818
371356.9674044351
367079.0900891043
428183.0790066568
359184.4763681353
447232.47057243757
366681.958299249
397645.7092046768
359722.61780585535
351145.0891406848
411894.7445669921
388408.7609224207
437442.68412778666
342849.6497671085
364361.90246299154
451049.3788959062
463959.3916646802
419908.7748161658
344327.2878510849
420085.34025993606
406717.74405456363
367573.9229114812
371825.2893788007
395739.58976416464
474514.90792545694
385878.43227496115
370206.38599521783
318833.9622059352
319205.0851559552
333400.21176510764
434258.56012193294
318079.29088514013
438749.2382073836
464660.9140105728
351686.7793890684
357355.0496347723
415842.6711590333
355978.8318373146
376383.6232833278
417639.3745797752
318545.28093703184
414851.9643521368
458940.7018796953
326288.9183234101
441845.2697295015
460968.7641135683
409482.41936965747
338150.0308725101
361107.5130434048
371633.86290727183
482834.4680683963
371558.18728737783
460846.9976132346
482649.1037983718
465127.4573986605
340579.18359134544
323214.4125979201
453304.86078481964
366979.8500208568
385115.2525176203
323190.5011064047
485160.35648790555
368016.08063278795
365691.57591181266
370655.16427559615
402852.2499015167
402196.82364549465
441741.194515667
354180.5527341734
391318.54642545525
355424.88480771804
473346.97572249715
350076.9391346333
347688.5428865656
313001.4287375372
343756.65626592207
436877.2272765475
460401.7422275131
370842.44245897146
473974.6601708516
345967.32019542885
320111.4439963106
334001.1501387554
476124.1103986579
361025.36108329357
345263.2419710243
398361.70213987486
360382.8267726953
452396.5830395643
380072.6373800685
346790.3414483245
399813.15537477424
432144.3995965829
356664.42421727587
332994.75975710846
432051.9186322124
483729.5276328132
352736.7846394587
375862.4851286698
316202.534635473
361530.77656921354
432553.879861395
314960.23648014746
408503.4402464891
343285.8264945211
332485.1412484409
484579.6966225951
452820.07373723935
312065.2402297737
347943.78035990807
371189.74134321586
464840.1554137649
443174.4523611511
424567.53406848636
346990.39085668285
319860.31602489814
393352.34945555567
318725.7605057915
429416.1811323556
365442.06470942526
445397.8301861301
435778.2275976713
428047.5031185466
341895.3095806742
399049.35915851337
455863.9476132778
338812.1611006743
453954.55266410584
409372.24501304806
311870.03442811134
407483.9433440445
469524.0660839751
318285.2057861968
438677.07932216476
323723.13988445053
387851.6370981775
429337.7614998762
404352.95371784264
413794.5359834618
321654.40448277595
327235.3901482912
320995.4205556065
454098.75604834704
481671.78226417484
344408.8215178127
405920.8933038514
404086.9614767102
358913.85072416655
426766.38345660176
437391.9448133903
358519.1030088893
328713.1607638658
